
[general]
flying_time                    = 22526
num_version_config             = 1
num_version_mb                 = 33
num_version_soft               = 2.2.9
drone_serial                   = PS721000AG2I171219
soft_build_date                = 2012-09-14 17:42
motor1_soft                    = 1.43
motor1_hard                    = 6.0
motor1_supplier                = 1.1
motor2_soft                    = 1.43
motor2_hard                    = 6.0
motor2_supplier                = 1.1
motor3_soft                    = 1.43
motor3_hard                    = 6.0
motor3_supplier                = 1.1
motor4_soft                    = 1.43
motor4_hard                    = 6.0
motor4_supplier                = 1.1
ardrone_name                   = My ARDrone
navdata_demo                   = TRUE
com_watchdog                   = 2
video_enable                   = TRUE
vision_enable                  = TRUE
vbat_min                       = 9000

[network]
ssid_single_player             = Drone1
ssid_multi_player              = ardrone2_v2.2.9
wifi_mode                      = 0
owner_mac                      = 00:00:00:00:00:00

[control]
accs_offset                    = { -4.0989854e+03 3.8295784e+03 4.3937368e+03 }
accs_gains                     = {  1.9245389e+00 1.1528619e-01 -1.7862866e-02  9.8570973e-02 -1.9776299e+00 -2.2996835e-02  -4.3446142e-02 -1.1511897e-02 -2.0184605e+00 }
gyros_offset                   = { 1.1738750e+01 1.8855000e+01 -6.4387498e+00 }
gyros_gains                    = { 1.0722895e-03 -1.0798067e-03 -1.0699956e-03 }
gyros110_offset                = { 1.6625000e+03 1.6625000e+03 }
gyros110_gains                 = { 1.5271631e-03 -1.5271631e-03 }
magneto_offset                 = { 1.1279868e+02 1.5450044e+01 0.0000000e+00 }
magneto_radius                 = 2.0599553e+02
gyro_offset_thr_x              = 4.0000000e+00
gyro_offset_thr_y              = 4.0000000e+00
gyro_offset_thr_z              = 5.0000000e-01
pwm_ref_gyros                  = 500
osctun_value                   = 0
osctun_test                    = TRUE
altitude_max                   = 3000
altitude_min                   = 50
outdoor                        = FALSE
flight_without_shell           = FALSE
autonomous_flight              = FALSE
control_level                  = 0
euler_angle_max                = 2.0943952e-01
control_iphone_tilt            = 3.4906584e-01
control_vz_max                 = 7.0000000e+02
control_yaw                    = 1.7453293e+00
manual_trim                    = FALSE
indoor_euler_angle_max         = 2.0943952e-01
indoor_control_vz_max          = 7.0000000e+02
indoor_control_yaw             = 1.7453293e+00
outdoor_euler_angle_max        = 3.4906584e-01
outdoor_control_vz_max         = 1.0000000e+03
outdoor_control_yaw            = 3.4906585e+00

[pic]
ultrasound_freq                = 8
ultrasound_watchdog            = 3
pic_version                    = 184877090

[video]
camif_fps                      = 30
camif_buffers                  = 2
num_trackers                   = 12
video_on_usb                   = TRUE
video_file_index               = 1
codec_fps                      = 30

[leds]

[detect]
enemy_colors                   = 1
enemy_without_shell            = 0
groundstripe_colors            = 16
detect_type                    = 3
detections_select_h            = 0
detections_select_v_hsync      = 0
detections_select_v            = 0

[syslog]
output                         = 7
max_size                       = 102400
nb_files                       = 5

[custom]
application_desc               = Default application configuration
profile_desc                   = Default profile configuration
session_desc                   = Default session configuration

[userbox]

[gps]
latitude                       = 5.0000000000000000e+02
longitude                      = 5.0000000000000000e+02
altitude                       = 0.0000000000000000e+00

